9
51
67
84
34
85
59
69
79
62
96
90
31
35
81
86
66
18
59
26
51
94
53
99
75
25
85
85
85
85
24
85
40
46
31
90
44
58
87
68
94
85
85
39
26
34
71
85
82
97
21
70
64
16
65
47
97
5
14
85
52
69
85
65
85
92
64
91
18
85
28
85
18
5
19
61
39
74
72
63
37
17
64
10
85
35
4
34
48
14
7
97
68
12
53
57
8
85
96
88
15
79
85
50
5
85
65
61
100
85
66
71
6
30
69
35
91
70
50
21
14
85
43
9
100
88
33
85
85
17
12
91
34
64
52
85
73
40
85
81
87
97
42
37
39
74
85
44
63
63
60
94
74
2
46
29
31
99
13
48
47
63
25
74
19
56
97
67
85
35
28
74
73
33
11
1
30
52
45
52
43
85
98
6
71
25
85
98
73
90
67
63
89
43
43
85
79
85
32
36
69
92
53
87
59
73
39
25
4
41
50
78
85
84
80
89
88
5
90
27
74
85
22
41
54
64
59
9
84
51
83
85
22
40
85
40
91
5
90
85
85
3
52
58
39
1
66
91
34
35
65
16
58
80
15
85
33
97
54
85
64
68
76
58
77
1
91
62
57
36
75
50
18
85
32
66
67
43
85
71
71
46
32
15
85
25
77
85
35
61
13
49
9
85
85
65
98
85
35
2
44
85
77
84
85
70
13
85
58
81
63
19
58
85
85
89
63
14
7
52
26
48
99
8
55
85
8
34
18
5
40
85
86
9
17
21
67
84
24
39
85
43
34
21
11
82
99
85
93
43
27
80
17
26
79
89
98
52
2
69
52
41
31
59
23
38
18
87
59
85
37
85
43
97
83
37
85
85
61
94
21
59
64
79
66
15
51
77
60
40
4
84
47
31
85
67
57
3
46
85
6
47
64
55
29
64
30
14
54
49
48
60
60
1
98
62
85
85
19
15
85
67
89
61
85
33
88
64
90
85
1
87
46
94
33
68
8
18
85
98
44
22
73
61
4
3
90
50
96
4
59
11
69
89
39
66
3
33
90
1
56
56
100
24
10
83
30
69
25
83
84
44
65
85
100
21
96
51
81
75
88
98
46
48
13
9
85
85
27
4
27
87
85
81
85
20
64
4
36
70
85
66
21
58
89
85
85
89
83
51
73
97
35
8
24
15
93
17
20
7
85
81
13
92
85
72
87
85
41
52
14
65
40
3
85
18
38
89
94
47
73
22
30
35
14
11
21
83
14
16
75
36
92
93
93
85
45
19
34
4
37
92
56
16
78
85
59
7
26
12
6
48
70
64
82
14
85
66
40
28
51
12
85
65
77
90
40
26
85
59
44
67
39
91
23
85
65
41
37
78
85
29
41
75
85
6
85
55
96
35
59
10
7
85
94
68
67
5
85
94
85
6
92
47
36
92
85
52
46
42
60
46
28
1
85
9
53
24
74
85
84
57
29
4
68
82
11
65
24
49
12
94
48
77
85
33
81
67
75
2
10
60
49
83
85
81
50
17
82
49
12
86
65
20
7
5
65
94
72
88
16
85
39
64
69
51
44
75
61
85
73
22
85
84
14
83
81
36
98
21
33
8
83
32
74
70
54
28
46
15
44
36
28
84
85
85
2
52
10
58
85
17
47
83
11
11
92
37
85
58
49
6
85
63
54
51
98
54
56
28
85
76
54
1
81
1
53
17
85
65
84
57
3
66
56
85
48
84
31
23
88
5
14
85
18
71
85
70
58
18
16
45
81
50
84
85
72
99
34
14
93
84
60
85
27
14
85
32
87
20
12
37
85
6
56
10
20
28
85
15
39
31
71
85
68
8
87
52
1
99
59
75
44
5
85
45
8
73
85
40
82
38
100
26
95
57
4
85
32
8
97
47
53
68
6
72
23
69
23
85
62
24
12
90
87
57
58
91
61
11
80
85
41
38
11
85
3
97
29
52
78
53
85
97
39
51
96
35
93
99
89
62
71
99
29
20
89
34
69
55
85
98
85
73
81
85
57
85
77
85
17
85
85
62
85
60
5
52
70
60
27
81
14
85
85
62
85
37
90
84
31
13
14
55
100
86
35
77
54
12
70
94
39
17
83
71
3
55
85
30
4
54
95
24
85
66
96
78
85
51
65
52
57
96
39
95
81
38
73
75
18
78
69
85
78
57
76
59
99
60
15
81
51
17
96
85
76
25
29
40
8
85
96
100
99
3
13
2
93
94
85
53
61
63
85
66
77
79
41
30
79
77
43
5
20
32
90
90
84
80
